ETITLE:      TS           BOND          ANGLE          DIHED          IMPRP               ELECT            VDW       BOUNDARY           MISC        KINETIC               TOTAL           TEMP      POTENTIAL         TOTAL3        TEMPAVG            PRESSURE      GPRESSURE         VOLUME       PRESSAVG      GPRESSAVG
ENERGY:       0         0.0000         0.0000         0.0000         0.0000          -5460.6262       775.2762         0.0000         0.0000         0.0000          -4685.3500         0.0000     -4685.3500     -4684.5920         0.0000           6516.2540      6528.3316     23823.1240      6516.2540      6528.3316
ENERGY:    5000         0.0000         0.0000         0.0000         0.0000          -5636.3060       433.7282         0.0000         0.0000       943.2098          -4259.3680       299.6495     -5202.5779     -4258.1953       278.7723           -206.9536      -203.9259     22897.3152      -136.1701      -136.3619
ENERGY:   10000         0.0000         0.0000         0.0000         0.0000          -5526.0701       388.8093         0.0000         0.0000       945.0731          -4192.1876       300.2414     -5137.2608     -4189.3920       300.3767           -626.0503      -607.1909     23154.3804      -150.2501      -150.2175
ENERGY:   15000         0.0000         0.0000         0.0000         0.0000          -5545.0147       417.4315         0.0000         0.0000       955.6384          -4171.9448       303.5979     -5127.5832     -4169.4850       304.4873           -448.5755      -431.1418     23479.4828      -211.6411      -211.6171
ENERGY:   20000         0.0000         0.0000         0.0000         0.0000          -5579.2535       383.9150         0.0000         0.0000       972.4466          -4222.8918       308.9378     -5195.3384     -4219.7049       302.5951           -156.4108      -130.3935     22645.9048      -225.6839      -225.6036
ENERGY:   25000         0.0000         0.0000         0.0000         0.0000          -5638.6851       377.9386         0.0000         0.0000       951.7010          -4309.0455       302.3470     -5260.7464     -4306.9157       298.6408           -629.3098      -611.7357     22513.9812      -153.9532      -153.8607
ENERGY:   30000         0.0000         0.0000         0.0000         0.0000          -5585.3564       402.5667         0.0000         0.0000       931.8613          -4250.9283       296.0442     -5182.7896     -4249.4903       301.3705           -181.1918      -156.7022     23049.4808      -182.9701      -182.9645
ENERGY:   35000         0.0000         0.0000         0.0000         0.0000          -5536.7841       346.6459         0.0000         0.0000       909.9091          -4280.2290       289.0701     -5190.1382     -4277.2384       298.4443           -652.4642      -628.2254     22940.7743      -152.9379      -152.8170
ENERGY:   40000         0.0000         0.0000         0.0000         0.0000          -5596.5393       401.0799         0.0000         0.0000       915.0578          -4280.4017       290.7058     -5195.4595     -4278.1482       294.2942           -423.3961      -399.8099     22750.8283      -241.1645      -241.1651
ENERGY:   45000         0.0000         0.0000         0.0000         0.0000          -5594.9542       388.2468         0.0000         0.0000       942.0885          -4264.6188       299.2933     -5206.7074     -4262.4381       300.1189           -474.8297      -450.8621     22824.8062      -278.3967      -278.4641
ENERGY:   50000         0.0000         0.0000         0.0000         0.0000          -5624.8874       400.8195         0.0000         0.0000       937.2608          -4286.8071       297.7595     -5224.0679     -4285.2254       301.3286           -412.9546      -395.3193     22697.9269      -242.3585      -242.3655
ENERGY:   55000         0.0000         0.0000         0.0000         0.0000          -5685.5880       463.0924         0.0000         0.0000       950.3687          -4272.1270       301.9238     -5222.4956     -4269.2406       300.3276            828.5530       846.8940     22390.4066      -177.7120      -177.4946
ENERGY:   60000         0.0000         0.0000         0.0000         0.0000          -5599.3875       399.2904         0.0000         0.0000       937.9867          -4262.1104       297.9902     -5200.0971     -4262.6430       295.4250           -290.2525      -248.9768     23026.7422      -220.9890      -220.9301
ENERGY:   65000         0.0000         0.0000         0.0000         0.0000          -5547.7344       355.0880         0.0000         0.0000       959.6149          -4233.0315       304.8612     -5192.6464     -4230.4580       299.3272           -662.7222      -644.8673     22840.6768      -257.9415      -257.9891
ENERGY:   70000         0.0000         0.0000         0.0000         0.0000          -5581.4208       373.3147         0.0000         0.0000       961.4140          -4246.6921       305.4328     -5208.1061     -4245.2406       299.9790           -353.4865      -329.4949     22676.4828      -283.7840      -283.7092
ENERGY:   75000         0.0000         0.0000         0.0000         0.0000          -5603.1436       437.8752         0.0000         0.0000       903.1243          -4262.1441       286.9147     -5165.2684     -4259.7682       299.9985            232.3150       260.0871     22725.9888      -259.6439      -259.7841
ENERGY:   80000         0.0000         0.0000         0.0000         0.0000          -5619.4425       431.5998         0.0000         0.0000       931.7295          -4256.1131       296.0023     -5187.8427     -4253.1974       303.3647            453.5788       474.5758     22616.9008      -185.0976      -184.9924
ENERGY:   85000         0.0000         0.0000         0.0000         0.0000          -5508.3091       342.6997         0.0000         0.0000       922.5064          -4243.1029       293.0722     -5165.6093     -4241.4486       300.4252           -541.7270      -535.3385     22626.8598      -157.2725      -157.3256
ENERGY:   90000         0.0000         0.0000         0.0000         0.0000          -5566.5299       364.6799         0.0000         0.0000       994.5573          -4207.2927       315.9621     -5201.8500     -4205.6443       297.6372           -376.1657      -349.8447     22647.7791      -131.9276      -131.9135
ENERGY:   95000         0.0000         0.0000         0.0000         0.0000          -5623.4938       373.4381         0.0000         0.0000       941.7954          -4308.2603       299.2001     -5250.0557     -4306.0476       298.3670           -518.9041      -508.2762     22298.9822      -258.9551      -258.7537
ENERGY:  100000         0.0000         0.0000         0.0000         0.0000          -5642.5080       385.0411         0.0000         0.0000       955.3977          -4302.0692       303.5215     -5257.4669     -4300.3057       295.3266           -752.4083      -720.1876     22580.1354      -159.0033      -159.0294
ENERGY:  105000         0.0000         0.0000         0.0000         0.0000          -5500.1021       356.3184         0.0000         0.0000       909.6124          -4234.1713       288.9759     -5143.7837     -4231.9603       295.8004           -526.3010      -496.7772     22834.7980      -267.2186      -267.3594
ENERGY:  110000         0.0000         0.0000         0.0000         0.0000          -5518.1798       368.5014         0.0000         0.0000       920.6873          -4228.9910       292.4943     -5149.6784     -4228.1874       296.6144           -213.8659      -189.4485     22744.1049      -243.9402      -243.7902
ENERGY:  115000         0.0000         0.0000         0.0000         0.0000          -5547.6022       415.2668         0.0000         0.0000       938.4940          -4193.8414       298.1513     -5132.3354     -4191.0348       303.4283            271.9961       285.5082     22517.7310      -214.3618      -214.5509
ENERGY:  120000         0.0000         0.0000         0.0000         0.0000          -5671.6477       416.8434         0.0000         0.0000       940.9572          -4313.8472       298.9338     -5254.8044     -4312.2641       300.5953           -241.6161      -230.3865     22644.8615      -193.6016      -193.4858
ENERGY:  125000         0.0000         0.0000         0.0000         0.0000          -5600.2125       406.6816         0.0000         0.0000       921.0979          -4272.4330       292.6247     -5193.5308     -4268.8400       299.4296           -127.7833      -108.2191     22769.3033      -236.3715      -236.4577
ENERGY:  130000         0.0000         0.0000         0.0000         0.0000          -5558.6905       397.4117         0.0000         0.0000       959.5713          -4201.7075       304.8474     -5161.2788     -4199.4364       300.6843            314.4363       341.5875     22735.7023      -212.5525      -212.5584
ENERGY:  135000         0.0000         0.0000         0.0000         0.0000          -5563.2771       371.9531         0.0000         0.0000       941.1290          -4250.1950       298.9884     -5191.3240     -4248.9813       299.9133           -313.5037      -287.3855     22574.8559      -203.4250      -203.3127
ENERGY:  140000         0.0000         0.0000         0.0000         0.0000          -5591.3688       379.4360         0.0000         0.0000       906.3294          -4305.6034       287.9329     -5211.9328     -4303.0434       294.6130           -215.6566      -196.5575     22451.7191      -281.8726      -281.8736
ENERGY:  145000         0.0000         0.0000         0.0000         0.0000          -5579.8977       348.5396         0.0000         0.0000       969.7816          -4261.5764       308.0911     -5231.3581     -4260.1310       298.8729           -776.9096      -757.6308     22683.8536      -228.6654      -228.7250
ENERGY:  150000         0.0000         0.0000         0.0000         0.0000          -5609.2824       365.9140         0.0000         0.0000       968.2640          -4275.1045       307.6090     -5243.3684     -4273.4471       300.4581           -768.9532      -741.3887     22596.2931      -194.6543      -194.8703
ENERGY:  155000         0.0000         0.0000         0.0000         0.0000          -5686.6980       405.4982         0.0000         0.0000       954.8448          -4326.3551       303.3458     -5281.1999     -4322.9252       294.3668            -95.5487       -74.4346     22515.0471      -210.4020      -210.3157
ENERGY:  160000         0.0000         0.0000         0.0000         0.0000          -5672.6769       413.5505         0.0000         0.0000       960.2078          -4298.9186       305.0496     -5259.1264     -4297.5365       293.1463            211.2609       228.6776     22110.4536      -208.8427      -208.9258
ENERGY:  165000         0.0000         0.0000         0.0000         0.0000          -5697.3660       438.5564         0.0000         0.0000       945.3134          -4313.4962       300.3178     -5258.8096     -4311.3268       294.6491            103.6502       133.5360     22538.2051      -254.3199      -254.0292
ENERGY:  170000         0.0000         0.0000         0.0000         0.0000          -5577.1069       362.8040         0.0000         0.0000       940.7126          -4273.5904       298.8561     -5214.3029     -4271.9088       299.6191           -444.4714      -409.5830     22605.2189      -284.5732      -284.4512
ENERGY:  175000         0.0000         0.0000         0.0000         0.0000          -5551.4146       358.0599         0.0000         0.0000       899.4115          -4293.9432       285.7351     -5193.3547     -4291.1495       300.4951           -634.1993      -620.0673     22903.2089      -183.8494      -183.8834
ENERGY:  180000         0.0000         0.0000         0.0000         0.0000          -5585.1497       392.7476         0.0000         0.0000       952.0728          -4240.3293       302.4652     -5192.4021     -4238.1753       298.0938             91.1018       102.3177     22619.3856      -223.0973      -223.0635
ENERGY:  185000         0.0000         0.0000         0.0000         0.0000          -5583.5419       376.2094         0.0000         0.0000       985.6532          -4221.6792       313.1334     -5207.3324     -4220.2877       301.7912           -819.1238      -807.8190     23190.2021      -206.0879      -206.1362
ENERGY:  190000         0.0000         0.0000         0.0000         0.0000          -5586.6749       367.8621         0.0000         0.0000       909.5452          -4309.2676       288.9545     -5218.8128     -4307.5707       297.6208           -888.8436      -864.2784     22956.7666      -170.0099      -169.8270
ENERGY:  195000         0.0000         0.0000         0.0000         0.0000          -5566.8553       383.6473         0.0000         0.0000       908.4541          -4274.7539       288.6079     -5183.2080     -4271.9106       296.4008           -390.6801      -383.5387     22701.4793      -177.9899      -177.9173
ENERGY:  200000         0.0000         0.0000         0.0000         0.0000          -5626.6538       405.4956         0.0000         0.0000       927.1734          -4293.9848       294.5549     -5221.1582     -4291.9712       295.9510            -52.0766       -36.8316     22561.7856      -220.9528      -221.1476
ENERGY:  205000         0.0000         0.0000         0.0000         0.0000          -5642.7277       392.1991         0.0000         0.0000       896.2518          -4354.2768       284.7313     -5250.5286     -4351.6563       292.9668           -475.9203      -459.5144     22864.7932      -249.5679      -249.4831
ENERGY:  210000         0.0000         0.0000         0.0000         0.0000          -5520.8786       336.8302         0.0000         0.0000       946.4773          -4237.5712       300.6875     -5184.0484     -4236.4259       295.6524          -1028.9415     -1010.5045     22753.4405      -243.0713      -243.1634
ENERGY:  215000         0.0000         0.0000         0.0000         0.0000          -5637.4232       415.6673         0.0000         0.0000       981.8580          -4239.8979       311.9277     -5221.7559     -4237.6267       302.9926             10.8787        28.7490     22772.7667      -156.5605      -156.5806
ENERGY:  220000         0.0000         0.0000         0.0000         0.0000          -5563.4347       380.0622         0.0000         0.0000       910.8874          -4272.4851       289.3809     -5183.3725     -4270.2464       299.3714           -561.6757      -539.1072     22819.4487      -206.5453      -206.5774
ENERGY:  225000         0.0000         0.0000         0.0000         0.0000          -5596.1397       401.7521         0.0000         0.0000       945.8966          -4248.4909       300.5031     -5194.3875     -4246.1398       297.5890           -248.9323      -229.9368     23054.2248      -271.8067      -271.8274
ENERGY:  230000         0.0000         0.0000         0.0000         0.0000          -5637.0071       409.7863         0.0000         0.0000       910.9243          -4316.2965       289.3926     -5227.2208     -4314.6531       300.5875            310.4540       337.3990     22484.4349      -223.6682      -223.6316
ENERGY:  235000         0.0000         0.0000         0.0000         0.0000          -5638.6420       422.3670         0.0000         0.0000       959.0509          -4257.2241       304.6820     -5216.2749     -4255.6592       296.5994             63.2208        88.0871     22828.9621      -148.3507      -148.3970
ENERGY:  240000         0.0000         0.0000         0.0000         0.0000          -5617.8404       396.4040         0.0000         0.0000       950.3457          -4271.0908       301.9165     -5221.4365     -4270.2893       301.7210             93.1890       117.6667     22157.5286      -145.4508      -145.6768
ENERGY:  245000         0.0000         0.0000         0.0000         0.0000          -5707.6730       398.3763         0.0000         0.0000       924.2530          -4385.0437       293.6271     -5309.2967     -4383.5216       296.8320           -309.1756      -316.4960     22433.2098      -199.7089      -199.6396
ENERGY:  250000         0.0000         0.0000         0.0000         0.0000          -5419.0882       299.2477         0.0000         0.0000       910.5340          -4209.3065       289.2686     -5119.8405     -4207.2980       298.9218          -1450.0149     -1422.4958     22876.0450      -256.5449      -256.5474
ENERGY:  255000         0.0000         0.0000         0.0000         0.0000          -5580.0969       414.6984         0.0000         0.0000       923.5812          -4241.8173       293.4136     -5165.3985     -4240.5444       299.1920            230.8778       260.8688     22821.9252      -206.6969      -206.6994
ENERGY:  260000         0.0000         0.0000         0.0000         0.0000          -5718.3405       447.1947         0.0000         0.0000       923.0718          -4348.0741       293.2518     -5271.1458     -4345.7011       299.5885             80.9321        92.5425     22397.5463      -220.1606      -220.0976
ENERGY:  265000         0.0000         0.0000         0.0000         0.0000          -5501.1357       348.1225         0.0000         0.0000       975.2496          -4177.7635       309.8283     -5153.0131     -4176.2050       300.7658           -761.5091      -749.1490     22973.9930      -204.2717      -204.3248
ENERGY:  270000         0.0000         0.0000         0.0000         0.0000          -5604.7492       382.4074         0.0000         0.0000       957.7292          -4264.6126       304.2622     -5222.3418     -4261.7757       300.9138           -269.9838      -239.2141     22641.6186      -233.8346      -233.9266
ENERGY:  275000         0.0000         0.0000         0.0000         0.0000          -5603.4258       354.6467         0.0000         0.0000       901.3645          -4347.4146       286.3556     -5248.7791     -4346.0969       293.0191           -562.7293      -526.7994     22499.8856      -291.3822      -291.5441
ENERGY:  280000         0.0000         0.0000         0.0000         0.0000          -5541.0271       371.8485         0.0000         0.0000       902.3272          -4266.8514       286.6614     -5169.1786     -4265.1345       296.6178           -438.9317      -411.0188     22829.4968      -166.6996      -166.7845
ENERGY:  285000         0.0000         0.0000         0.0000         0.0000          -5602.7938       371.2573         0.0000         0.0000       977.4839          -4254.0526       310.5381     -5231.5365     -4251.9884       295.0658           -641.5192      -631.5757     22657.2777      -224.6546      -224.6210
ENERGY:  290000         0.0000         0.0000         0.0000         0.0000          -5609.5825       348.7593         0.0000         0.0000       927.5779          -4333.2452       294.6834     -5260.8232     -4331.0475       300.1676           -590.6013      -545.9207     22329.2661      -252.1172      -252.2550
ENERGY:  295000         0.0000         0.0000         0.0000         0.0000          -5618.7697       392.7367         0.0000         0.0000       904.4985          -4321.5345       287.3512     -5226.0330     -4319.4352       291.5733           -451.7478      -442.4370     22765.6310      -193.9978      -193.7497
ENERGY:  300000         0.0000         0.0000         0.0000         0.0000          -5659.3751       421.6166         0.0000         0.0000       899.6459          -4338.1126       285.8096     -5237.7586     -4335.8506       290.6382            139.1814       156.6324     22584.1720      -290.3107      -290.2737
ENERGY:  305000         0.0000         0.0000         0.0000         0.0000          -5609.6993       416.7765         0.0000         0.0000       950.9036          -4242.0192       302.0937     -5192.9227     -4239.7669       293.9195            -84.0013       -69.3173     22954.4282      -202.2868      -202.3000
ENERGY:  310000         0.0000         0.0000         0.0000         0.0000          -5629.6216       403.9170         0.0000         0.0000       977.6653          -4248.0393       310.5957     -5225.7046     -4246.8156       299.1755           -193.7928      -174.7872     22693.9870      -270.0147      -270.1742
ENERGY:  315000         0.0000         0.0000         0.0000         0.0000          -5669.2520       432.8253         0.0000         0.0000       979.0838          -4257.3430       311.0463     -5236.4267     -4253.5480       297.9190            298.0106       307.5060     22506.7071      -282.7637      -282.8246
ENERGY:  320000         0.0000         0.0000         0.0000         0.0000          -5618.0153       419.3238         0.0000         0.0000       912.5474          -4286.1441       289.9083     -5198.6915     -4284.2966       301.5806              9.4882        25.9643     22659.9786      -224.0578      -224.1551
ENERGY:  325000         0.0000         0.0000         0.0000         0.0000          -5541.3848       361.3696         0.0000         0.0000       912.2225          -4267.7927       289.8051     -5180.0152     -4263.7583       297.0466           -636.0470      -614.7589     22829.1358      -325.9224      -325.7293
ENERGY:  330000         0.0000         0.0000         0.0000         0.0000          -5571.3224       395.1661         0.0000         0.0000       923.3615          -4252.7947       293.3438     -5176.1562     -4250.6133       299.2507           -235.4624      -220.9422     22578.3640      -196.4443      -196.3942
ENERGY:  335000         0.0000         0.0000         0.0000         0.0000          -5556.8248       370.4760         0.0000         0.0000       945.7173          -4240.6315       300.4461     -5186.3488     -4237.5819       303.0583           -207.2934      -162.7778     22691.0293      -180.0095      -179.9364
ENERGY:  340000         0.0000         0.0000         0.0000         0.0000          -5635.9867       398.8961         0.0000         0.0000       898.0188          -4339.0717       285.2927     -5237.0905     -4337.4669       302.6866           -105.7345       -72.9832     22613.0076      -178.8074      -178.9113
ENERGY:  345000         0.0000         0.0000         0.0000         0.0000          -5596.5177       411.7425         0.0000         0.0000       938.7126          -4246.0626       298.2207     -5184.7751     -4243.5002       297.2018           -231.7579      -220.7248     22805.3212      -203.0182      -202.9121
ENERGY:  350000         0.0000         0.0000         0.0000         0.0000          -5660.4675       411.3497         0.0000         0.0000       917.4983          -4331.6194       291.4812     -5249.1177     -4329.2480       300.2208           -363.8945      -324.8120     22647.5087      -202.6276      -202.5205
ENERGY:  355000         0.0000         0.0000         0.0000         0.0000          -5660.2727       414.4227         0.0000         0.0000       926.7683          -4319.0817       294.4261     -5245.8500     -4316.9732       296.1178            200.9018       212.4611     22569.8167      -201.5315      -201.4584
ENERGY:  360000         0.0000         0.0000         0.0000         0.0000          -5712.6497       438.1440         0.0000         0.0000       929.6149          -4344.8908       295.3305     -5274.5057     -4343.1944       290.5211            182.7781       204.5415     22431.9811      -215.7469      -215.7741
ENERGY:  365000         0.0000         0.0000         0.0000         0.0000          -5595.0907       364.6984         0.0000         0.0000       914.7085          -4315.6838       290.5948     -5230.3923     -4313.3308       292.8238           -493.4992      -496.2648     22716.3136      -204.2835      -204.3725
ENERGY:  370000         0.0000         0.0000         0.0000         0.0000          -5628.4145       407.5201         0.0000         0.0000       977.1146          -4243.7798       310.4207     -5220.8943     -4241.0144       301.0655           -234.0932      -229.2236     22865.6936      -176.0492      -176.1026
ENERGY:  375000         0.0000         0.0000         0.0000         0.0000          -5667.8225       448.3683         0.0000         0.0000       993.3928          -4226.0615       315.5922     -5219.4543     -4224.2617       300.8881            447.4331       455.8154     22797.9128      -264.3886      -264.3504
ENERGY:  380000         0.0000         0.0000         0.0000         0.0000          -5587.2287       394.0468         0.0000         0.0000       923.8608          -4269.3212       293.5025     -5193.1819     -4267.7434       300.1313           -142.2367      -115.3951     22726.4711      -225.6555      -225.7455
ENERGY:  385000         0.0000         0.0000         0.0000         0.0000          -5598.1820       426.5950         0.0000         0.0000       918.6816          -4252.9054       291.8571     -5171.5871     -4250.9066       300.1803            371.4484       376.0287     22614.0980      -220.2156      -220.1109
ENERGY:  390000         0.0000         0.0000         0.0000         0.0000          -5556.6017       375.2717         0.0000         0.0000       913.8810          -4267.4489       290.3320     -5181.3299     -4266.2909       296.2383           -764.8289      -745.7982     23092.0919      -232.7942      -232.5103
ENERGY:  395000         0.0000         0.0000         0.0000         0.0000          -5613.3788       388.8412         0.0000         0.0000       910.6677          -4313.8699       289.3111     -5224.5376     -4310.2899       298.8723           -200.8706      -184.3366     22607.3626      -206.3901      -206.3784
ENERGY:  400000         0.0000         0.0000         0.0000         0.0000          -5701.5405       492.9259         0.0000         0.0000       926.2942          -4282.3203       294.2755     -5208.6146     -4281.5449       295.8388            865.8192       884.0366     22656.7854      -196.3398      -196.3206
ENERGY:  405000         0.0000         0.0000         0.0000         0.0000          -5626.4513       396.3162         0.0000         0.0000       903.9143          -4326.2208       287.1657     -5230.1351     -4323.5398       292.3828           -463.5803      -461.3530     22731.1336      -257.7037      -257.7548
ENERGY:  410000         0.0000         0.0000         0.0000         0.0000          -5604.9278       395.9607         0.0000         0.0000       934.8293          -4274.1378       296.9871     -5208.9671     -4272.3342       296.4607           -620.5906      -602.0154     23035.7025      -209.5204      -209.5468
ENERGY:  415000         0.0000         0.0000         0.0000         0.0000          -5595.3773       401.5247         0.0000         0.0000       935.9372          -4257.9154       297.3390     -5193.8526     -4256.1519       302.5250             -5.7666        14.5255     22643.9962      -215.8795      -215.8949
ENERGY:  420000         0.0000         0.0000         0.0000         0.0000          -5599.2918       373.8404         0.0000         0.0000       899.9841          -4325.4672       285.9171     -5225.4514     -4323.4392       300.6304           -764.6965      -762.3708     22925.7660      -277.1425      -277.2061
ENERGY:  425000         0.0000         0.0000         0.0000         0.0000          -5529.2346       372.5994         0.0000         0.0000      1003.5075          -4153.1277       318.8055     -5156.6352     -4151.5183       298.8084           -381.7180      -349.3292     22859.9862      -285.7660      -285.9164
ENERGY:  430000         0.0000         0.0000         0.0000         0.0000          -5499.5364       356.4437         0.0000         0.0000       942.2238          -4200.8690       299.3362     -5143.0927     -4198.6267       302.1167           -518.7648      -484.1259     22695.4746      -216.9539      -216.9191
ENERGY:  435000         0.0000         0.0000         0.0000         0.0000          -5607.3756       381.3126         0.0000         0.0000      1004.8385          -4221.2245       319.2284     -5226.0630     -4217.6441       304.1460           -403.6430      -393.2554     22572.5793      -199.3627      -199.3439
ENERGY:  440000         0.0000         0.0000         0.0000         0.0000          -5561.9555       354.6304         0.0000         0.0000       949.1730          -4258.1521       301.5439     -5207.3251     -4255.7307       301.1266           -570.3030      -547.7325     22593.5175      -194.2087      -194.0112
ENERGY:  445000         0.0000         0.0000         0.0000         0.0000          -5641.6266       429.5414         0.0000         0.0000       948.9022          -4263.1830       301.4579     -5212.0851     -4261.0616       301.9197            276.4120       305.7398     22647.0359      -189.0651      -189.1345
ENERGY:  450000         0.0000         0.0000         0.0000         0.0000          -5616.3804       377.6236         0.0000         0.0000       936.2206          -4302.5362       297.4291     -5238.7568     -4299.9813       292.4214           -111.8192       -97.1180     22442.2163      -277.6729      -277.6632
ENERGY:  455000         0.0000         0.0000         0.0000         0.0000          -5625.5360       450.0667         0.0000         0.0000       928.8358          -4246.6334       295.0830     -5175.4693     -4244.0891       300.6549            501.4297       507.5666     22779.8587      -225.7368      -225.7954
ENERGY:  460000         0.0000         0.0000         0.0000         0.0000          -5527.1457       342.9275         0.0000         0.0000       894.1573          -4290.0609       284.0659     -5184.2182     -4288.3571       298.2436           -816.1929      -799.8973     22889.8689      -216.9287      -216.9332
ENERGY:  465000         0.0000         0.0000         0.0000         0.0000          -5626.7779       420.7208         0.0000         0.0000       978.8588          -4227.1984       310.9748     -5206.0571     -4224.5031       297.1390            130.1814       147.2684     22641.5755      -302.9254      -302.8386
ENERGY:  470000         0.0000         0.0000         0.0000         0.0000          -5664.5386       413.3300         0.0000         0.0000       924.3283          -4326.8803       293.6510     -5251.2086     -4325.0663       298.3168           -189.7487      -149.3945     22614.8935      -144.0294      -144.0111
ENERGY:  475000         0.0000         0.0000         0.0000         0.0000          -5587.8901       414.3307         0.0000         0.0000       953.3172          -4220.2422       302.8605     -5173.5594     -4217.3598       294.8318            -29.8412       -29.7432     23005.7821      -229.3630      -229.2567
ENERGY:  480000         0.0000         0.0000         0.0000         0.0000          -5458.4624       318.6826         0.0000         0.0000       940.3441          -4199.4358       298.7391     -5139.7799     -4197.3829       303.0085           -854.0787      -842.6870     22982.8599      -209.0781      -209.0511
ENERGY:  485000         0.0000         0.0000         0.0000         0.0000          -5647.8706       452.3217         0.0000         0.0000       925.8550          -4269.6939       294.1360     -5195.5489     -4268.9194       298.2049            355.1734       371.8675     22773.6690      -223.1808      -223.3376
ENERGY:  490000         0.0000         0.0000         0.0000         0.0000          -5586.0075       382.3414         0.0000         0.0000       932.4003          -4271.2657       296.2154     -5203.6660     -4269.2254       298.6706           -297.3606      -273.5836     22502.8503      -214.8162      -214.7519
ENERGY:  495000         0.0000         0.0000         0.0000         0.0000          -5602.8153       393.5581         0.0000         0.0000       946.4397          -4262.8175       300.6756     -5209.2572     -4261.0536       299.6432           -368.1214      -355.0446     22809.9833      -247.6678      -247.7303
ENERGY:  500000         0.0000         0.0000         0.0000         0.0000          -5649.4959       408.7265         0.0000         0.0000       987.6756          -4253.0938       313.7759     -5240.7694     -4249.9510       300.6570           -211.0324      -208.7732     22788.8699      -210.1883      -210.2845
