# time(ps) Nwater Force (pN) Pressure Dif (atm) 
1 157 5455.2005 11754.547201198546
2 166 5767.919 12428.374747764068
3 169 5872.1585 12652.983929952574
4 167 5802.665499999999 12503.244475160236
5 166 5767.919 12428.374747764068
6 168 5837.411999999999 12578.114202556406
7 167 5802.665499999999 12503.244475160236
8 166 5767.919 12428.374747764068
9 173 6011.144499999999 12952.462839537251
10 168 5837.411999999999 12578.114202556406
11 165 5733.1725 12353.505020367898
12 170 5906.905 12727.853657348745
13 176 6115.384 13177.07202172576
14 165 5733.1725 12353.505020367898
15 165 5733.1725 12353.505020367898
16 167 5802.665499999999 12503.244475160236
17 167 5802.665499999999 12503.244475160236
18 169 5872.1585 12652.983929952574
19 170 5906.905 12727.853657348745
20 171 5941.6515 12802.723384744913
21 165 5733.1725 12353.505020367898
22 167 5802.665499999999 12503.244475160236
23 170 5906.905 12727.853657348745
24 167 5802.665499999999 12503.244475160236
25 166 5767.919 12428.374747764068
26 170 5906.905 12727.853657348745
27 166 5767.919 12428.374747764068
28 161 5594.1865 12054.026110783223
29 164 5698.4259999999995 12278.63529297173
30 161 5594.1865 12054.026110783223
31 168 5837.411999999999 12578.114202556406
32 166 5767.919 12428.374747764068
33 165 5733.1725 12353.505020367898
34 174 6045.891 13027.33256693342
35 170 5906.905 12727.853657348745
36 170 5906.905 12727.853657348745
37 169 5872.1585 12652.983929952574
38 166 5767.919 12428.374747764068
39 174 6045.891 13027.33256693342
40 163 5663.679499999999 12203.765565575559
41 168 5837.411999999999 12578.114202556406
42 170 5906.905 12727.853657348745
43 168 5837.411999999999 12578.114202556406
44 162 5628.933 12128.895838179393
45 164 5698.4259999999995 12278.63529297173
46 167 5802.665499999999 12503.244475160236
47 172 5976.397999999999 12877.593112141081
48 170 5906.905 12727.853657348745
49 174 6045.891 13027.33256693342
50 167 5802.665499999999 12503.244475160236
51 172 5976.397999999999 12877.593112141081
52 170 5906.905 12727.853657348745
53 166 5767.919 12428.374747764068
54 168 5837.411999999999 12578.114202556406
55 175 6080.6375 13102.20229432959
56 168 5837.411999999999 12578.114202556406
57 166 5767.919 12428.374747764068
58 170 5906.905 12727.853657348745
59 172 5976.397999999999 12877.593112141081
60 172 5976.397999999999 12877.593112141081
61 164 5698.4259999999995 12278.63529297173
62 175 6080.6375 13102.20229432959
63 172 5976.397999999999 12877.593112141081
64 168 5837.411999999999 12578.114202556406
65 169 5872.1585 12652.983929952574
66 162 5628.933 12128.895838179393
67 172 5976.397999999999 12877.593112141081
68 169 5872.1585 12652.983929952574
69 165 5733.1725 12353.505020367898
70 169 5872.1585 12652.983929952574
71 168 5837.411999999999 12578.114202556406
72 174 6045.891 13027.33256693342
73 171 5941.6515 12802.723384744913
74 167 5802.665499999999 12503.244475160236
75 164 5698.4259999999995 12278.63529297173
76 172 5976.397999999999 12877.593112141081
77 172 5976.397999999999 12877.593112141081
78 169 5872.1585 12652.983929952574
79 165 5733.1725 12353.505020367898
80 163 5663.679499999999 12203.765565575559
81 163 5663.679499999999 12203.765565575559
82 166 5767.919 12428.374747764068
83 170 5906.905 12727.853657348745
84 172 5976.397999999999 12877.593112141081
85 171 5941.6515 12802.723384744913
86 172 5976.397999999999 12877.593112141081
87 163 5663.679499999999 12203.765565575559
88 171 5941.6515 12802.723384744913
89 173 6011.144499999999 12952.462839537251
90 165 5733.1725 12353.505020367898
91 174 6045.891 13027.33256693342
92 174 6045.891 13027.33256693342
93 169 5872.1585 12652.983929952574
94 172 5976.397999999999 12877.593112141081
95 168 5837.411999999999 12578.114202556406
96 171 5941.6515 12802.723384744913
97 178 6184.8769999999995 13326.811476518098
98 171 5941.6515 12802.723384744913
99 171 5941.6515 12802.723384744913
100 172 5976.397999999999 12877.593112141081
101 171 5941.6515 12802.723384744913
102 168 5837.411999999999 12578.114202556406
103 165 5733.1725 12353.505020367898
104 170 5906.905 12727.853657348745
105 171 5941.6515 12802.723384744913
106 167 5802.665499999999 12503.244475160236
107 163 5663.679499999999 12203.765565575559
108 173 6011.144499999999 12952.462839537251
109 169 5872.1585 12652.983929952574
110 166 5767.919 12428.374747764068
111 164 5698.4259999999995 12278.63529297173
112 161 5594.1865 12054.026110783223
113 163 5663.679499999999 12203.765565575559
114 167 5802.665499999999 12503.244475160236
115 168 5837.411999999999 12578.114202556406
116 174 6045.891 13027.33256693342
117 171 5941.6515 12802.723384744913
118 175 6080.6375 13102.20229432959
119 171 5941.6515 12802.723384744913
120 173 6011.144499999999 12952.462839537251
121 170 5906.905 12727.853657348745
122 170 5906.905 12727.853657348745
123 170 5906.905 12727.853657348745
124 160 5559.44 11979.156383387053
125 167 5802.665499999999 12503.244475160236
126 166 5767.919 12428.374747764068
127 170 5906.905 12727.853657348745
128 177 6150.130499999999 13251.941749121926
129 170 5906.905 12727.853657348745
130 174 6045.891 13027.33256693342
131 174 6045.891 13027.33256693342
132 175 6080.6375 13102.20229432959
133 174 6045.891 13027.33256693342
134 175 6080.6375 13102.20229432959
135 174 6045.891 13027.33256693342
136 174 6045.891 13027.33256693342
137 176 6115.384 13177.07202172576
138 172 5976.397999999999 12877.593112141081
139 164 5698.4259999999995 12278.63529297173
140 167 5802.665499999999 12503.244475160236
141 168 5837.411999999999 12578.114202556406
142 167 5802.665499999999 12503.244475160236
143 167 5802.665499999999 12503.244475160236
144 176 6115.384 13177.07202172576
145 180 6254.37 13476.550931310436
146 173 6011.144499999999 12952.462839537251
147 170 5906.905 12727.853657348745
148 169 5872.1585 12652.983929952574
149 168 5837.411999999999 12578.114202556406
150 169 5872.1585 12652.983929952574
151 164 5698.4259999999995 12278.63529297173
152 173 6011.144499999999 12952.462839537251
153 168 5837.411999999999 12578.114202556406
154 166 5767.919 12428.374747764068
155 168 5837.411999999999 12578.114202556406
156 171 5941.6515 12802.723384744913
157 168 5837.411999999999 12578.114202556406
158 171 5941.6515 12802.723384744913
159 174 6045.891 13027.33256693342
160 170 5906.905 12727.853657348745
161 166 5767.919 12428.374747764068
162 168 5837.411999999999 12578.114202556406
163 168 5837.411999999999 12578.114202556406
164 163 5663.679499999999 12203.765565575559
165 170 5906.905 12727.853657348745
166 174 6045.891 13027.33256693342
167 171 5941.6515 12802.723384744913
168 165 5733.1725 12353.505020367898
169 166 5767.919 12428.374747764068
170 167 5802.665499999999 12503.244475160236
171 165 5733.1725 12353.505020367898
172 170 5906.905 12727.853657348745
173 169 5872.1585 12652.983929952574
174 168 5837.411999999999 12578.114202556406
175 172 5976.397999999999 12877.593112141081
176 170 5906.905 12727.853657348745
177 168 5837.411999999999 12578.114202556406
178 169 5872.1585 12652.983929952574
179 174 6045.891 13027.33256693342
180 174 6045.891 13027.33256693342
181 178 6184.8769999999995 13326.811476518098
182 169 5872.1585 12652.983929952574
183 176 6115.384 13177.07202172576
184 166 5767.919 12428.374747764068
185 172 5976.397999999999 12877.593112141081
186 172 5976.397999999999 12877.593112141081
187 167 5802.665499999999 12503.244475160236
188 168 5837.411999999999 12578.114202556406
189 161 5594.1865 12054.026110783223
190 165 5733.1725 12353.505020367898
191 168 5837.411999999999 12578.114202556406
192 168 5837.411999999999 12578.114202556406
193 171 5941.6515 12802.723384744913
194 162 5628.933 12128.895838179393
195 173 6011.144499999999 12952.462839537251
196 166 5767.919 12428.374747764068
197 167 5802.665499999999 12503.244475160236
198 168 5837.411999999999 12578.114202556406
199 176 6115.384 13177.07202172576
200 167 5802.665499999999 12503.244475160236
201 168 5837.411999999999 12578.114202556406
202 165 5733.1725 12353.505020367898
203 167 5802.665499999999 12503.244475160236
204 164 5698.4259999999995 12278.63529297173
205 173 6011.144499999999 12952.462839537251
206 170 5906.905 12727.853657348745
207 163 5663.679499999999 12203.765565575559
208 164 5698.4259999999995 12278.63529297173
209 169 5872.1585 12652.983929952574
210 168 5837.411999999999 12578.114202556406
211 163 5663.679499999999 12203.765565575559
212 163 5663.679499999999 12203.765565575559
213 167 5802.665499999999 12503.244475160236
214 169 5872.1585 12652.983929952574
215 169 5872.1585 12652.983929952574
216 172 5976.397999999999 12877.593112141081
217 168 5837.411999999999 12578.114202556406
218 170 5906.905 12727.853657348745
219 168 5837.411999999999 12578.114202556406
220 163 5663.679499999999 12203.765565575559
221 164 5698.4259999999995 12278.63529297173
222 165 5733.1725 12353.505020367898
223 164 5698.4259999999995 12278.63529297173
224 166 5767.919 12428.374747764068
225 172 5976.397999999999 12877.593112141081
226 167 5802.665499999999 12503.244475160236
227 171 5941.6515 12802.723384744913
228 169 5872.1585 12652.983929952574
229 173 6011.144499999999 12952.462839537251
230 164 5698.4259999999995 12278.63529297173
231 170 5906.905 12727.853657348745
232 167 5802.665499999999 12503.244475160236
233 165 5733.1725 12353.505020367898
234 164 5698.4259999999995 12278.63529297173
235 166 5767.919 12428.374747764068
236 165 5733.1725 12353.505020367898
237 172 5976.397999999999 12877.593112141081
238 165 5733.1725 12353.505020367898
239 165 5733.1725 12353.505020367898
240 172 5976.397999999999 12877.593112141081
241 171 5941.6515 12802.723384744913
242 166 5767.919 12428.374747764068
243 165 5733.1725 12353.505020367898
244 165 5733.1725 12353.505020367898
245 163 5663.679499999999 12203.765565575559
246 167 5802.665499999999 12503.244475160236
247 168 5837.411999999999 12578.114202556406
248 168 5837.411999999999 12578.114202556406
249 167 5802.665499999999 12503.244475160236
250 161 5594.1865 12054.026110783223
251 170 5906.905 12727.853657348745
252 171 5941.6515 12802.723384744913
253 169 5872.1585 12652.983929952574
254 169 5872.1585 12652.983929952574
255 175 6080.6375 13102.20229432959
256 179 6219.6235 13401.681203914266
257 168 5837.411999999999 12578.114202556406
258 177 6150.130499999999 13251.941749121926
259 172 5976.397999999999 12877.593112141081
260 172 5976.397999999999 12877.593112141081
261 165 5733.1725 12353.505020367898
262 168 5837.411999999999 12578.114202556406
263 167 5802.665499999999 12503.244475160236
264 169 5872.1585 12652.983929952574
265 173 6011.144499999999 12952.462839537251
266 171 5941.6515 12802.723384744913
267 172 5976.397999999999 12877.593112141081
268 170 5906.905 12727.853657348745
269 168 5837.411999999999 12578.114202556406
270 168 5837.411999999999 12578.114202556406
271 171 5941.6515 12802.723384744913
272 177 6150.130499999999 13251.941749121926
273 172 5976.397999999999 12877.593112141081
274 172 5976.397999999999 12877.593112141081
275 164 5698.4259999999995 12278.63529297173
276 161 5594.1865 12054.026110783223
277 163 5663.679499999999 12203.765565575559
278 173 6011.144499999999 12952.462839537251
279 166 5767.919 12428.374747764068
280 164 5698.4259999999995 12278.63529297173
281 168 5837.411999999999 12578.114202556406
282 162 5628.933 12128.895838179393
283 169 5872.1585 12652.983929952574
284 167 5802.665499999999 12503.244475160236
285 169 5872.1585 12652.983929952574
286 170 5906.905 12727.853657348745
287 163 5663.679499999999 12203.765565575559
288 169 5872.1585 12652.983929952574
289 172 5976.397999999999 12877.593112141081
290 170 5906.905 12727.853657348745
291 167 5802.665499999999 12503.244475160236
292 170 5906.905 12727.853657348745
293 168 5837.411999999999 12578.114202556406
294 169 5872.1585 12652.983929952574
295 175 6080.6375 13102.20229432959
296 168 5837.411999999999 12578.114202556406
297 172 5976.397999999999 12877.593112141081
298 169 5872.1585 12652.983929952574
299 176 6115.384 13177.07202172576
300 171 5941.6515 12802.723384744913
301 176 6115.384 13177.07202172576
302 170 5906.905 12727.853657348745
303 171 5941.6515 12802.723384744913
304 172 5976.397999999999 12877.593112141081
305 164 5698.4259999999995 12278.63529297173
306 169 5872.1585 12652.983929952574
307 164 5698.4259999999995 12278.63529297173
308 167 5802.665499999999 12503.244475160236
309 173 6011.144499999999 12952.462839537251
310 169 5872.1585 12652.983929952574
311 173 6011.144499999999 12952.462839537251
312 175 6080.6375 13102.20229432959
313 167 5802.665499999999 12503.244475160236
314 170 5906.905 12727.853657348745
315 171 5941.6515 12802.723384744913
316 169 5872.1585 12652.983929952574
317 168 5837.411999999999 12578.114202556406
318 171 5941.6515 12802.723384744913
319 170 5906.905 12727.853657348745
320 165 5733.1725 12353.505020367898
321 170 5906.905 12727.853657348745
322 175 6080.6375 13102.20229432959
323 167 5802.665499999999 12503.244475160236
324 166 5767.919 12428.374747764068
325 170 5906.905 12727.853657348745
326 171 5941.6515 12802.723384744913
327 171 5941.6515 12802.723384744913
328 163 5663.679499999999 12203.765565575559
329 172 5976.397999999999 12877.593112141081
330 172 5976.397999999999 12877.593112141081
331 169 5872.1585 12652.983929952574
332 176 6115.384 13177.07202172576
333 171 5941.6515 12802.723384744913
334 170 5906.905 12727.853657348745
335 169 5872.1585 12652.983929952574
336 165 5733.1725 12353.505020367898
337 171 5941.6515 12802.723384744913
338 166 5767.919 12428.374747764068
339 165 5733.1725 12353.505020367898
340 171 5941.6515 12802.723384744913
341 172 5976.397999999999 12877.593112141081
342 170 5906.905 12727.853657348745
343 165 5733.1725 12353.505020367898
344 167 5802.665499999999 12503.244475160236
345 165 5733.1725 12353.505020367898
346 169 5872.1585 12652.983929952574
347 170 5906.905 12727.853657348745
348 173 6011.144499999999 12952.462839537251
349 170 5906.905 12727.853657348745
350 168 5837.411999999999 12578.114202556406
351 174 6045.891 13027.33256693342
352 176 6115.384 13177.07202172576
353 172 5976.397999999999 12877.593112141081
354 172 5976.397999999999 12877.593112141081
355 165 5733.1725 12353.505020367898
356 165 5733.1725 12353.505020367898
357 167 5802.665499999999 12503.244475160236
358 160 5559.44 11979.156383387053
359 164 5698.4259999999995 12278.63529297173
360 170 5906.905 12727.853657348745
361 167 5802.665499999999 12503.244475160236
362 166 5767.919 12428.374747764068
363 168 5837.411999999999 12578.114202556406
364 171 5941.6515 12802.723384744913
365 167 5802.665499999999 12503.244475160236
366 171 5941.6515 12802.723384744913
367 169 5872.1585 12652.983929952574
368 169 5872.1585 12652.983929952574
369 170 5906.905 12727.853657348745
370 163 5663.679499999999 12203.765565575559
371 168 5837.411999999999 12578.114202556406
372 167 5802.665499999999 12503.244475160236
373 167 5802.665499999999 12503.244475160236
374 166 5767.919 12428.374747764068
375 171 5941.6515 12802.723384744913
376 167 5802.665499999999 12503.244475160236
377 172 5976.397999999999 12877.593112141081
378 169 5872.1585 12652.983929952574
379 175 6080.6375 13102.20229432959
380 167 5802.665499999999 12503.244475160236
381 173 6011.144499999999 12952.462839537251
382 170 5906.905 12727.853657348745
383 163 5663.679499999999 12203.765565575559
384 165 5733.1725 12353.505020367898
385 169 5872.1585 12652.983929952574
386 170 5906.905 12727.853657348745
387 173 6011.144499999999 12952.462839537251
388 168 5837.411999999999 12578.114202556406
389 167 5802.665499999999 12503.244475160236
390 172 5976.397999999999 12877.593112141081
391 162 5628.933 12128.895838179393
392 170 5906.905 12727.853657348745
393 163 5663.679499999999 12203.765565575559
394 162 5628.933 12128.895838179393
395 170 5906.905 12727.853657348745
396 177 6150.130499999999 13251.941749121926
397 171 5941.6515 12802.723384744913
398 167 5802.665499999999 12503.244475160236
399 160 5559.44 11979.156383387053
400 170 5906.905 12727.853657348745
401 170 5906.905 12727.853657348745
402 174 6045.891 13027.33256693342
403 170 5906.905 12727.853657348745
404 164 5698.4259999999995 12278.63529297173
405 171 5941.6515 12802.723384744913
406 173 6011.144499999999 12952.462839537251
407 174 6045.891 13027.33256693342
408 167 5802.665499999999 12503.244475160236
409 170 5906.905 12727.853657348745
410 168 5837.411999999999 12578.114202556406
411 167 5802.665499999999 12503.244475160236
412 168 5837.411999999999 12578.114202556406
413 164 5698.4259999999995 12278.63529297173
414 166 5767.919 12428.374747764068
415 166 5767.919 12428.374747764068
416 170 5906.905 12727.853657348745
417 172 5976.397999999999 12877.593112141081
418 170 5906.905 12727.853657348745
419 168 5837.411999999999 12578.114202556406
420 167 5802.665499999999 12503.244475160236
421 164 5698.4259999999995 12278.63529297173
422 169 5872.1585 12652.983929952574
423 164 5698.4259999999995 12278.63529297173
424 174 6045.891 13027.33256693342
425 171 5941.6515 12802.723384744913
426 169 5872.1585 12652.983929952574
427 169 5872.1585 12652.983929952574
428 169 5872.1585 12652.983929952574
429 168 5837.411999999999 12578.114202556406
430 164 5698.4259999999995 12278.63529297173
431 168 5837.411999999999 12578.114202556406
432 168 5837.411999999999 12578.114202556406
433 167 5802.665499999999 12503.244475160236
434 170 5906.905 12727.853657348745
435 171 5941.6515 12802.723384744913
436 170 5906.905 12727.853657348745
437 167 5802.665499999999 12503.244475160236
438 167 5802.665499999999 12503.244475160236
439 172 5976.397999999999 12877.593112141081
440 169 5872.1585 12652.983929952574
441 165 5733.1725 12353.505020367898
442 166 5767.919 12428.374747764068
443 169 5872.1585 12652.983929952574
444 172 5976.397999999999 12877.593112141081
445 173 6011.144499999999 12952.462839537251
446 165 5733.1725 12353.505020367898
447 163 5663.679499999999 12203.765565575559
448 170 5906.905 12727.853657348745
449 171 5941.6515 12802.723384744913
450 173 6011.144499999999 12952.462839537251
451 169 5872.1585 12652.983929952574
452 178 6184.8769999999995 13326.811476518098
453 177 6150.130499999999 13251.941749121926
454 174 6045.891 13027.33256693342
455 170 5906.905 12727.853657348745
456 170 5906.905 12727.853657348745
457 171 5941.6515 12802.723384744913
458 168 5837.411999999999 12578.114202556406
459 165 5733.1725 12353.505020367898
460 164 5698.4259999999995 12278.63529297173
461 168 5837.411999999999 12578.114202556406
462 174 6045.891 13027.33256693342
463 172 5976.397999999999 12877.593112141081
464 171 5941.6515 12802.723384744913
465 176 6115.384 13177.07202172576
466 165 5733.1725 12353.505020367898
467 169 5872.1585 12652.983929952574
468 170 5906.905 12727.853657348745
469 174 6045.891 13027.33256693342
470 163 5663.679499999999 12203.765565575559
471 168 5837.411999999999 12578.114202556406
472 166 5767.919 12428.374747764068
473 163 5663.679499999999 12203.765565575559
474 173 6011.144499999999 12952.462839537251
475 173 6011.144499999999 12952.462839537251
476 172 5976.397999999999 12877.593112141081
477 168 5837.411999999999 12578.114202556406
478 170 5906.905 12727.853657348745
479 167 5802.665499999999 12503.244475160236
480 165 5733.1725 12353.505020367898
481 163 5663.679499999999 12203.765565575559
482 169 5872.1585 12652.983929952574
483 165 5733.1725 12353.505020367898
484 166 5767.919 12428.374747764068
485 175 6080.6375 13102.20229432959
486 175 6080.6375 13102.20229432959
487 172 5976.397999999999 12877.593112141081
488 171 5941.6515 12802.723384744913
489 175 6080.6375 13102.20229432959
490 169 5872.1585 12652.983929952574
491 164 5698.4259999999995 12278.63529297173
492 171 5941.6515 12802.723384744913
493 169 5872.1585 12652.983929952574
494 172 5976.397999999999 12877.593112141081
495 172 5976.397999999999 12877.593112141081
496 167 5802.665499999999 12503.244475160236
497 174 6045.891 13027.33256693342
498 170 5906.905 12727.853657348745
499 169 5872.1585 12652.983929952574
500 170 5906.905 12727.853657348745
501 171 5941.6515 12802.723384744913
502 170 5906.905 12727.853657348745
503 171 5941.6515 12802.723384744913
504 175 6080.6375 13102.20229432959
505 171 5941.6515 12802.723384744913
506 173 6011.144499999999 12952.462839537251
507 169 5872.1585 12652.983929952574
508 173 6011.144499999999 12952.462839537251
509 168 5837.411999999999 12578.114202556406
510 169 5872.1585 12652.983929952574
511 165 5733.1725 12353.505020367898
512 170 5906.905 12727.853657348745
513 164 5698.4259999999995 12278.63529297173
514 157 5455.2005 11754.547201198546
515 169 5872.1585 12652.983929952574
516 169 5872.1585 12652.983929952574
517 172 5976.397999999999 12877.593112141081
518 170 5906.905 12727.853657348745
519 174 6045.891 13027.33256693342
520 171 5941.6515 12802.723384744913
521 173 6011.144499999999 12952.462839537251
522 170 5906.905 12727.853657348745
523 165 5733.1725 12353.505020367898
524 166 5767.919 12428.374747764068
525 170 5906.905 12727.853657348745
526 167 5802.665499999999 12503.244475160236
527 169 5872.1585 12652.983929952574
528 168 5837.411999999999 12578.114202556406
529 170 5906.905 12727.853657348745
530 165 5733.1725 12353.505020367898
531 172 5976.397999999999 12877.593112141081
532 172 5976.397999999999 12877.593112141081
533 167 5802.665499999999 12503.244475160236
534 164 5698.4259999999995 12278.63529297173
535 167 5802.665499999999 12503.244475160236
536 170 5906.905 12727.853657348745
537 169 5872.1585 12652.983929952574
538 169 5872.1585 12652.983929952574
539 168 5837.411999999999 12578.114202556406
540 167 5802.665499999999 12503.244475160236
541 168 5837.411999999999 12578.114202556406
542 166 5767.919 12428.374747764068
543 167 5802.665499999999 12503.244475160236
544 170 5906.905 12727.853657348745
545 173 6011.144499999999 12952.462839537251
546 169 5872.1585 12652.983929952574
547 170 5906.905 12727.853657348745
548 178 6184.8769999999995 13326.811476518098
549 171 5941.6515 12802.723384744913
550 172 5976.397999999999 12877.593112141081
551 171 5941.6515 12802.723384744913
552 166 5767.919 12428.374747764068
553 171 5941.6515 12802.723384744913
554 174 6045.891 13027.33256693342
555 173 6011.144499999999 12952.462839537251
556 169 5872.1585 12652.983929952574
557 172 5976.397999999999 12877.593112141081
558 171 5941.6515 12802.723384744913
559 169 5872.1585 12652.983929952574
560 163 5663.679499999999 12203.765565575559
561 172 5976.397999999999 12877.593112141081
562 169 5872.1585 12652.983929952574
563 162 5628.933 12128.895838179393
564 164 5698.4259999999995 12278.63529297173
565 171 5941.6515 12802.723384744913
566 172 5976.397999999999 12877.593112141081
567 161 5594.1865 12054.026110783223
568 166 5767.919 12428.374747764068
569 166 5767.919 12428.374747764068
570 162 5628.933 12128.895838179393
571 168 5837.411999999999 12578.114202556406
572 168 5837.411999999999 12578.114202556406
573 171 5941.6515 12802.723384744913
574 168 5837.411999999999 12578.114202556406
575 168 5837.411999999999 12578.114202556406
576 171 5941.6515 12802.723384744913
577 173 6011.144499999999 12952.462839537251
578 171 5941.6515 12802.723384744913
579 173 6011.144499999999 12952.462839537251
580 172 5976.397999999999 12877.593112141081
581 173 6011.144499999999 12952.462839537251
582 170 5906.905 12727.853657348745
583 173 6011.144499999999 12952.462839537251
584 165 5733.1725 12353.505020367898
585 163 5663.679499999999 12203.765565575559
586 169 5872.1585 12652.983929952574
587 173 6011.144499999999 12952.462839537251
588 172 5976.397999999999 12877.593112141081
589 171 5941.6515 12802.723384744913
590 172 5976.397999999999 12877.593112141081
591 171 5941.6515 12802.723384744913
592 165 5733.1725 12353.505020367898
593 167 5802.665499999999 12503.244475160236
594 170 5906.905 12727.853657348745
595 171 5941.6515 12802.723384744913
596 170 5906.905 12727.853657348745
597 167 5802.665499999999 12503.244475160236
598 165 5733.1725 12353.505020367898
599 174 6045.891 13027.33256693342
600 171 5941.6515 12802.723384744913
