# frame +z -z 
1 0 0
2 0 0
3 0 0
4 0 0
5 0 0
6 0 0
7 0 0
8 0 0
9 0 0
10 0 0
11 0 0
12 0 0
13 0 0
14 0 0
15 0 0
16 0 0
17 0 0
18 0 0
19 0 0
20 0 0
21 0 0
22 0 0
23 0 0
24 0 0
25 0 1
26 0 1
27 0 2
28 0 3
29 0 5
30 0 6
31 0 6
32 0 8
33 0 9
34 0 10
35 0 11
36 0 13
37 0 14
38 0 15
39 0 15
40 0 16
41 0 18
42 0 18
43 0 18
44 0 19
45 0 19
46 0 22
47 0 23
48 0 24
49 0 25
50 0 27
51 0 28
52 0 28
53 0 31
54 0 31
55 0 33
56 0 34
57 0 36
58 0 36
59 0 37
60 0 38
61 0 38
62 0 39
63 0 39
64 0 40
65 0 42
66 0 42
67 0 42
68 0 44
69 0 44
70 0 44
71 0 44
72 0 46
73 0 46
74 0 47
75 0 47
76 0 47
77 0 48
78 0 52
79 0 53
80 0 54
81 0 55
82 0 56
83 0 57
84 0 57
85 0 59
86 0 59
87 0 62
88 0 62
89 0 63
90 0 64
91 0 66
92 0 66
93 0 67
94 0 67
95 0 68
96 0 71
97 0 73
98 0 73
99 0 74
100 0 75
101 0 75
102 0 77
103 0 78
104 0 79
105 0 82
106 0 83
107 0 83
108 0 84
109 0 84
110 0 86
111 0 86
112 0 87
113 0 87
114 0 87
115 0 88
116 0 89
117 0 91
118 0 91
119 0 93
120 0 94
121 0 95
122 0 96
123 0 96
124 0 99
125 0 99
126 0 102
127 0 104
128 0 105
129 0 106
130 0 107
131 0 109
132 0 111
133 0 111
134 0 112
135 0 115
136 0 115
137 0 116
138 0 117
139 0 119
140 0 119
141 0 122
142 0 123
143 0 125
144 0 127
145 0 129
146 0 132
147 0 132
148 0 133
149 0 134
150 0 135
151 0 135
152 0 136
153 0 139
154 0 140
155 0 144
156 0 144
157 0 145
158 0 146
159 0 147
160 0 148
161 0 150
162 0 152
163 0 155
164 0 155
165 0 157
166 0 159
167 0 160
168 0 160
169 0 161
170 0 161
171 0 163
172 0 163
173 0 165
174 0 166
175 0 166
176 0 167
177 0 168
178 0 168
179 0 169
180 0 170
181 0 171
182 0 173
183 0 174
184 0 175
185 0 175
186 0 177
187 0 179
188 0 179
189 0 181
190 0 181
191 0 181
192 0 183
193 0 184
194 0 185
195 0 186
196 0 186
197 0 186
198 0 188
199 0 188
200 0 189
201 0 190
202 0 190
203 0 191
204 0 193
205 0 194
206 0 196
207 0 198
208 0 198
209 0 199
210 0 201
211 0 201
212 0 201
213 0 201
214 0 202
215 0 204
216 0 206
217 0 206
218 0 207
219 0 207
220 0 209
221 0 210
222 0 211
223 0 212
224 0 213
225 0 214
226 0 215
227 0 216
228 0 216
229 0 217
230 0 219
231 0 219
232 0 221
233 0 221
234 0 223
235 0 224
236 0 224
237 0 227
238 0 227
239 0 230
240 0 231
241 0 231
242 0 233
243 0 233
244 0 234
245 0 236
246 0 236
247 0 237
248 0 237
249 0 238
250 0 240
251 0 240
252 0 240
253 0 241
254 0 241
255 0 242
256 0 242
257 0 244
258 0 245
259 0 247
260 0 247
261 0 248
262 0 249
263 0 250
264 0 251
265 0 252
266 0 253
267 0 256
268 0 256
269 0 256
270 0 256
271 0 258
272 0 259
273 0 259
274 0 261
275 0 261
276 0 264
277 0 265
278 0 265
279 0 266
280 0 266
281 0 267
282 0 267
283 0 268
284 0 269
285 0 270
286 0 272
287 0 272
288 0 273
289 0 274
290 0 274
291 0 275
292 0 275
293 0 276
294 0 278
295 0 278
296 0 278
297 0 279
298 0 281
299 0 282
300 0 282
301 0 282
302 0 284
303 0 284
304 0 286
305 0 288
306 0 288
307 0 289
308 0 292
309 0 292
310 0 294
311 0 295
312 0 296
313 0 297
314 0 298
315 0 298
316 0 298
317 0 298
318 0 299
319 0 300
320 0 302
321 0 302
322 0 304
323 0 304
324 0 304
325 0 304
326 0 306
327 0 308
328 0 309
329 0 309
330 0 309
331 0 311
332 0 311
333 0 313
334 0 315
335 0 315
336 0 315
337 0 315
338 0 316
339 0 317
340 0 319
341 0 320
342 0 320
343 0 321
344 0 322
345 0 322
346 0 323
347 0 324
348 0 325
349 0 328
350 0 328
351 0 329
352 0 329
353 0 331
354 0 331
355 0 333
356 0 333
357 0 336
358 0 336
359 0 337
360 0 338
361 0 338
362 0 339
363 0 341
364 0 343
365 0 344
366 0 345
367 0 345
368 0 345
369 0 347
370 0 348
371 0 349
372 0 350
373 0 350
374 0 351
375 0 353
376 0 356
377 0 357
378 0 358
379 0 359
380 0 359
381 0 360
382 0 360
383 0 362
384 0 362
385 0 365
386 0 365
387 0 365
388 0 366
389 0 367
390 0 367
391 0 367
392 0 369
393 0 370
394 0 372
395 0 374
396 0 375
397 0 376
398 0 377
399 0 377
400 0 377
401 0 378
402 0 379
403 0 380
404 0 381
405 0 381
406 0 381
407 0 383
408 0 383
409 0 386
410 0 387
411 0 388
412 0 390
413 0 393
414 0 394
415 0 394
416 0 396
417 0 396
418 0 396
419 0 397
420 0 398
421 0 399
422 0 401
423 0 402
424 0 403
425 0 403
426 0 404
427 0 405
428 0 406
429 0 407
430 0 407
431 0 409
432 0 409
433 0 411
434 0 411
435 0 411
436 0 412
437 0 413
438 0 414
439 0 416
440 0 416
441 0 419
442 0 419
443 0 419
444 0 420
445 0 421
446 0 423
447 0 424
448 0 424
449 0 424
450 0 426
451 0 427
452 0 428
453 0 429
454 0 429
455 0 429
456 0 430
457 0 431
458 0 432
459 0 434
460 0 435
461 0 436
462 0 437
463 0 438
464 0 439
465 0 440
466 0 441
467 0 442
468 0 442
469 0 444
470 0 446
471 0 447
472 0 448
473 0 449
474 0 449
475 0 451
476 0 452
477 0 454
478 0 455
479 0 455
480 0 455
481 0 456
482 0 457
483 0 458
484 0 459
485 0 461
486 0 461
487 0 462
488 0 463
489 0 466
490 0 468
491 0 468
492 0 469
493 0 470
494 0 471
495 0 471
496 0 472
497 0 472
498 0 472
499 0 472
500 0 473
501 0 473
502 0 474
503 0 474
504 0 475
505 0 477
506 0 480
507 0 481
508 0 481
509 0 482
510 0 483
511 0 484
512 0 486
513 0 487
514 0 488
515 0 488
516 0 490
517 0 491
518 0 492
519 0 492
520 0 494
521 0 495
522 0 496
523 0 496
524 0 496
525 0 497
526 0 498
527 0 498
528 0 498
529 0 501
530 0 502
531 0 503
532 0 504
533 0 505
534 0 506
535 0 507
536 0 508
537 0 509
538 0 510
539 0 511
540 0 513
541 0 514
542 0 514
543 0 515
544 0 516
545 0 519
546 0 522
547 0 522
548 0 522
549 0 523
550 0 526
551 0 528
552 0 528
553 0 530
554 0 531
555 0 532
556 0 533
557 0 535
558 0 535
559 0 535
560 0 538
561 0 539
562 0 539
563 0 541
564 0 542
565 0 544
566 0 544
567 0 546
568 0 549
569 0 550
570 0 550
571 0 553
572 0 555
573 0 556
574 0 558
575 0 558
576 0 559
577 0 561
578 0 563
579 0 566
580 0 566
581 0 567
582 0 568
583 0 569
584 0 569
585 0 570
586 0 572
587 0 573
588 0 573
589 0 575
590 0 575
591 0 575
592 0 577
593 0 578
594 0 579
595 0 580
596 0 581
597 0 583
598 0 585
599 0 585
600 0 586
